4294967294,0
4294967293,131
4294967293,130
4294967293,129
4294967293,128
4294967293,127
4294967293,126
4294967293,125
4294967293,124
4294967293,123
4294967293,122
4294967293,121
4294967293,120
4294967293,119
4294967293,118
4294967293,117
4294967293,116
4294967293,115
4294967293,114
4294967293,113
4294967293,112
4294967293,111
4294967293,110
4294967293,109
4294967293,108
4294967293,107
4294967293,106
4294967293,105
4294967293,104
4294967293,103
4294967293,102
4294967293,101
4294967293,100
4294967293,99
4294967293,98
4294967293,97
4294967293,96
4294967293,95
4294967293,94
4294967293,93
4294967293,92
4294967293,91
4294967293,90
4294967293,89
4294967293,87
4294967293,86
4294967293,85
4294967293,84
4294967293,83
4294967293,82
4294967293,81
4294967293,80
4294967293,79
4294967293,78
4294967293,77
4294967293,76
4294967293,75
4294967293,74
4294967293,73
4294967293,72
4294967293,71
4294967293,70
4294967293,69
4294967293,68
4294967293,67
4294967293,66
4294967293,65
4294967293,64
4294967293,63
4294967293,62
4294967293,61
4294967293,60
4294967293,59
4294967293,58
4294967293,57
4294967293,56
4294967293,55
4294967293,54
4294967293,53
4294967293,52
4294967293,51
4294967293,50
4294967293,49
4294967293,48
4294967293,47
4294967293,46
4294967293,45
4294967293,44
4294967293,43
4294967293,42
4294967293,41
4294967293,40
4294967293,39
4294967293,38
4294967293,37
4294967293,36
4294967293,35
4294967293,34
4294967293,33
4294967293,32
4294967293,31
4294967293,30
4294967293,29
4294967293,28
4294967293,27
4294967293,26
4294967293,25
4294967293,24
4294967293,23
4294967293,22
4294967293,21
4294967293,20
4294967293,19
4294967293,18
4294967293,17
4294967293,16
4294967293,15
4294967293,14
4294967293,13
4294967293,12
4294967293,11
4294967293,10
4294967293,9
4294967293,8
4294967293,7
4294967293,6
4294967293,5
4294967293,4
4294967293,3
4294967278,132
4294967278,131
4294967278,130
4294967278,129
4294967278,128
4294967278,127
4294967278,126
4294967278,125
4294967278,124
4294967278,123
4294967278,122
4294967278,121
4294967278,120
4294967278,119
4294967278,118
4294967278,117
4294967278,116
4294967278,115
4294967278,114
4294967278,113
4294967278,112
4294967278,111
4294967278,110
4294967278,109
4294967278,108
4294967278,107
4294967278,106
4294967278,105
4294967278,104
4294967278,103
4294967278,102
4294967278,101
4294967278,100
4294967278,99
4294967278,98
4294967278,97
4294967278,96
4294967278,95
4294967278,94
4294967278,93
4294967278,92
4294967278,91
4294967278,90
4294967278,89
4294967278,87
4294967278,86
4294967278,85
4294967278,84
4294967278,83
4294967278,82
4294967278,81
4294967278,80
4294967278,79
4294967278,78
4294967278,77
4294967278,76
4294967278,75
4294967278,74
4294967278,73
4294967278,72
4294967278,71
4294967278,70
4294967278,69
4294967278,68
4294967278,67
4294967278,66
4294967278,65
4294967278,64
4294967278,63
4294967278,62
4294967278,61
4294967278,60
4294967278,59
4294967278,58
4294967278,57
4294967278,56
4294967278,55
4294967278,54
4294967278,53
4294967278,52
4294967278,51
4294967278,50
4294967278,49
4294967278,48
4294967278,47
4294967278,46
4294967278,45
4294967278,44
4294967278,43
4294967278,42
4294967278,41
4294967278,40
4294967278,39
4294967278,38
4294967278,37
4294967278,36
4294967278,35
4294967278,34
4294967278,33
4294967278,32
4294967278,31
4294967278,30
4294967278,29
4294967278,28
4294967278,27
4294967278,26
4294967278,25
4294967278,24
4294967278,23
4294967278,22
4294967278,21
4294967278,20
4294967278,19
4294967278,18
4294967278,17
4294967278,16
4294967278,15
4294967278,14
4294967278,13
4294967278,12
4294967278,11
4294967278,10
4294967278,9
4294967278,8
4294967278,7
4294967278,6
4294967278,5
4294967278,4
4294967279,132
4294967279,131
4294967279,130
4294967279,129
4294967279,128
4294967279,127
4294967279,126
4294967279,125
4294967279,124
4294967279,123
4294967279,122
4294967279,121
4294967279,120
4294967279,119
4294967279,118
4294967279,117
4294967279,116
4294967279,115
4294967279,114
4294967279,113
4294967279,112
4294967279,111
4294967279,110
4294967279,109
4294967279,108
4294967279,107
4294967279,106
4294967279,105
4294967279,104
4294967279,103
4294967279,102
4294967279,101
4294967279,100
4294967279,99
4294967279,98
4294967279,97
4294967279,96
4294967279,95
4294967279,94
4294967279,93
4294967279,92
4294967279,91
4294967279,90
4294967279,89
4294967279,87
4294967279,86
4294967279,85
4294967279,84
4294967279,83
4294967279,82
4294967279,81
4294967279,80
4294967279,79
4294967279,78
4294967279,77
4294967279,76
4294967279,75
4294967279,74
4294967279,73
4294967279,72
4294967279,71
4294967279,70
4294967279,69
4294967279,68
4294967279,67
4294967279,66
4294967279,65
4294967279,64
4294967279,63
4294967279,62
4294967279,61
4294967279,60
4294967279,59
4294967279,58
4294967279,57
4294967279,56
4294967279,55
4294967279,54
4294967279,53
4294967279,52
4294967279,51
4294967279,50
4294967279,49
4294967279,48
4294967279,47
4294967279,46
4294967279,45
4294967279,44
4294967279,43
4294967279,42
4294967279,41
4294967279,40
4294967279,39
4294967279,38
4294967279,37
4294967279,36
4294967279,35
4294967279,34
4294967279,33
4294967279,32
4294967279,31
4294967279,30
4294967279,29
4294967279,28
4294967279,27
4294967279,26
4294967279,25
4294967279,24
4294967279,23
4294967279,22
4294967279,21
4294967279,20
4294967279,19
4294967279,18
4294967279,17
4294967279,16
4294967279,15
4294967279,14
4294967279,13
4294967279,12
4294967279,11
4294967279,10
4294967279,9
4294967279,8
4294967279,7
4294967279,6
4294967279,5
4294967279,4
4243767290,0
5,2299
5,1262
5,2298
5,2549
5,2297
5,1233
5,284
5,1212
5,2548
5,1171
5,1364
5,1760
5,1080
5,2547
5,1403
5,1600
5,2546
5,2545
5,2296
5,2295
5,2544
5,1187
5,306
5,2543
5,1218
5,1034
5,2294
5,2542
5,259
5,1268
5,548
5,2293
5,1348
5,2292
5,2291
5,2541
5,2290
5,2289
5,195
5,91
5,2288
5,2540
5,2287
5,1193
5,2286
5,2539
5,68
5,2538
5,1260
5,2537
5,1177
5,2285
5,2536
5,2535
5,2534
5,690
5,680
5,2533
5,2532
5,391
5,2531
5,2284
5,1074
5,2530
5,2283
5,2282
5,2281
5,2529
5,418
5,2280
5,1369
5,2528
5,2279
5,2278
5,1234
5,2277
5,1159
5,2527
5,2276
5,1052
5,2526
5,1204
5,558
5,2525
5,1274
5,2524
5,2275
5,2523
5,2274
5,2522
5,2273
5,2521
5,1349
5,805
5,2272
5,2271
5,2270
5,2520
5,1185
5,2269
5,2519
5,564
5,2518
5,2517
5,1058
5,2516
5,2268
5,2267
5,2560
5,2515
5,2514
5,1213
5,2266
5,1154
5,1055
5,2265
5,2264
5,2513
5,528
5,2512
5,2263
5,1048
5,2511
5,430
5,2262
5,2510
5,1246
5,2261
5,2260
5,408
5,896
5,2509
5,689
5,2259
5,2258
5,2508
5,816
5,2257
5,1176
5,2256
5,2507
5,2255
5,2254
5,1169
5,1041
5,1224
5,2506
5,1225
5,1862
5,2505
5,2253
5,2504
5,2503
5,2252
5,660
5,2251
5,2502
5,90
5,2250
5,2249
5,2501
5,407
5,1628
5,2500
5,2248
5,2247
5,1396
5,2246
5,229
5,1223
5,2499
5,2245
5,2244
5,2498
5,2243
5,1247
5,1244
5,2497
5,428
5,2242
5,2496
5,2431
5,2241
5,2175
5,669
5,2430
5,2174
5,2173
5,2172
5,552
5,1876
5,2429
5,230
5,1188
5,2428
5,423
5,296
5,13
5,2427
5,1163
5,2171
5,1161
5,2170
5,2169
5,2168
5,2426
5,2425
5,2424
5,2423
5,2167
5,2422
5,1029
5,2421
5,2166
5,270
5,2420
5,2165
5,2164
5,2419
5,2163
5,2418
5,287
5,903
5,1270
5,89
5,2162
5,2417
5,2161
5,2416
5,286
5,1362
5,2160
5,2415
5,2159
5,2414
5,2158
5,516
5,2157
5,239
5,2413
5,562
5,2156
5,2155
5,443
5,1251
5,2412
5,281
5,1197
5,954
5,575
5,194
5,2411
5,2154
5,2153
5,1390
5,2410
5,2152
5,1087
5,2409
5,272
5,2408
5,2151
5,2407
5,2150
5,679
5,2406
5,1086
5,771
5,2405
5,2149
5,2148
5,2404
5,686
5,2403
5,2147
5,661
5,2432
5,804
5,2402
5,1189
5,2146
5,2145
5,2401
5,2144
5,2143
5,549
5,2400
5,2142
5,2141
5,2140
5,2399
5,386
5,313
5,668
5,1217
5,2139
5,2398
5,519
5,1181
5,1071
5,2138
5,2137
5,1157
5,2136
5,2397
5,2135
5,1057
5,2134
5,957
5,2133
5,2396
5,2395
5,2132
5,2131
5,2394
5,2130
5,2129
5,2128
5,2127
5,2393
5,1215
5,647
5,2126
5,2392
5,289
5,2125
5,671
5,1278
5,2391
5,2124
5,2123
5,1358
5,1175
5,2122
5,2121
5,2390
5,268
5,2389
5,269
5,2388
5,2387
5,1153
5,1248
5,2120
5,2119
5,2386
5,2118
5,2117
5,2385
5,2116
5,940
5,2115
5,88
5,2384
5,1044
5,263
5,2383
5,1211
5,2114
5,2113
5,2047
5,1203
5,2382
5,2046
5,2045
5,2044
5,2381
5,1064
5,926
5,2043
5,2380
5,533
5,2042
5,662
5,2379
5,2041
5,1050
5,2378
5,294
5,2377
5,413
5,2040
5,2039
5,389
5,2376
5,2038
5,1073
5,2037
5,1038
5,244
5,2036
5,536
5,2035
5,2375
5,1275
5,2034
5,2374
5,1182
5,1051
5,1196
5,2373
5,665
5,2372
5,640
5,1062
5,2033
5,2371
5,2032
5,2370
5,795
5,2031
5,959
5,2030
5,2369
5,543
5,201
5,2368
5,645
5,2239
5,2029
5,2028
5,2238
5,2027
5,2237
5,415
5,2304
5,2026
5,2236
5,197
5,2025
5,2024
5,1077
5,2023
5,283
5,2235
5,1065
5,2022
5,2234
5,1037
5,1214
5,2233
5,2021
5,2020
5,2232
5,315
5,1072
5,440
5,1192
5,2019
5,2231
5,2018
5,2017
5,249
5,2016
5,223
5,2230
5,1162
5,2015
5,2014
5,2013
5,2229
5,2228
5,2012
5,2011
5,1174
5,2010
5,2227
5,1228
5,1158
5,2009
5,2008
5,2226
5,681
5,2225
5,2224
5,1619
5,2223
5,1042
5,2222
5,2007
5,2006
5,2005
5,2004
5,2003
5,2221
5,2220
5,2002
5,2001
5,2219
5,2000
5,663
5,1063
5,1999
5,2218
5,41
5,1998
5,1070
5,1997
5,311
5,1996
5,1032
5,1995
5,2217
5,1156
5,520
5,1059
5,921
5,2216
5,2215
5,539
5,2214
5,2213
5,2212
5,1994
5,948
5,1178
5,2211
5,2210
5,1166
5,2209
5,1993
5,2208
5,1992
5,2207
5,1991
5,2206
5,1990
5,530
5,2205
5,522
5,301
5,2204
5,1989
5,2203
5,931
5,2202
5,1988
5,2201
5,525
5,2200
5,1269
5,2199
5,87
5,1987
5,2198
5,1986
5,1220
5,1985
5,424
5,2197
5,2196
5,1919
5,2195
5,271
5,1918
5,1272
5,2194
5,277
5,1917
5,2193
5,1916
5,1915
5,1914
5,2192
5,1913
5,2191
5,1912
5,1911
5,2190
5,1910
5,318
5,943
5,2189
5,956
5,2188
5,2187
5,227
5,2186
5,515
5,2185
5,1170
5,2184
5,2183
5,1909
5,290
5,1908
5,2182
5,1907
5,2181
5,2180
5,2240
5,1906
5,2179
5,1054
5,1168
5,2178
5,2177
5,1254
5,697
5,1905
5,1904
5,2176
5,1903
5,2111
5,1902
5,2110
5,69
5,2109
5,1901
5,1900
5,2108
5,1053
5,952
5,2107
5,1899
5,2106
5,1898
5,2105
5,1897
5,1896
5,1210
5,1895
5,2104
5,1894
5,1043
5,1893
5,1892
5,2103
5,2102
5,1891
5,1890
5,1889
5,1888
5,2101
5,49
5,2100
5,1887
5,1524
5,2099
5,945
5,2098
5,436
5,1886
5,1026
5,534
5,1045
5,540
5,2097
5,559
5,2096
5,254
5,2095
5,1885
5,1884
5,1036
5,1883
5,1046
5,2094
5,264
5,1882
5,2093
5,1060
5,279
5,2092
5,1881
5,417
5,2091
5,787
5,1172
5,2090
5,1880
5,937
5,2089
5,2088
5,2087
5,2086
5,1879
5,2085
5,1878
5,2084
5,1877
5,193
5,2083
5,1875
5,1874
5,1873
5,1872
5,1068
5,1871
5,439
5,2082
5,1205
5,949
5,1870
5,2081
5,1869
5,2080
5,1868
5,2079
5,936
5,1867
5,1866
5,2078
5,1865
5,2077
5,1864
5,435
5,1863
5,913
5,2076
5,571
5,251
5,2075
5,2074
5,1066
5,202
5,2073
5,1861
5,1860
5,2072
5,2071
5,2070
5,932
5,192
5,1859
5,2069
5,1858
5,922
5,2068
5,514
5,1075
5,2067
5,1857
5,2066
5,317
5,2065
5,2064
5,1791
5,1790
5,1789
5,2063
5,911
5,2062
5,923
5,2061
5,1788
5,45
5,918
5,1787
5,2112
5,2060
5,1786
5,928
5,1785
5,1031
5,1784
5,545
5,2059
5,1783
5,278
5,2058
5,532
5,1030
5,2057
5,1782
5,1781
5,2056
5,518
5,2055
5,900
5,1780
5,1779
5,1778
5,642
5,1777
5,2054
5,947
5,1776
5,1775
5,1774
5,2053
5,1773
5,1772
5,1085
5,2052
5,827
5,1771
5,65
5,215
5,2051
5,1770
5,951
5,2050
5,1078
5,1769
5,538
5,1768
5,86
5,2049
5,1529
5,1767
5,2048
5,1983
5,919
5,1766
5,1982
5,1765
5,204
5,1981
5,234
5,1764
5,1980
5,1763
5,1762
5,1979
5,1761
5,1759
5,1978
5,1758
5,1757
5,1173
5,1977
5,925
5,910
5,1976
5,1756
5,1033
5,958
5,1975
5,297
5,1755
5,1754
5,1047
5,1974
5,16
5,1973
5,1753
5,1972
5,304
5,1971
5,1028
5,1970
5,1752
5,1751
5,1750
5,1969
5,930
5,1152
5,1749
5,319
5,1968
5,1748
5,1083
5,1747
5,1967
5,664
5,1966
5,929
5,1965
5,1964
5,1505
5,1746
5,1963
5,1962
5,1745
5,1744
5,1743
5,953
5,1961
5,412
5,1960
5,1742
5,209
5,1741
5,1740
5,1739
5,1084
5,1959
5,1738
5,1737
5,47
5,1958
5,1736
5,1499
5,1957
5,916
5,1956
5,1735
5,1955
5,236
5,1734
5,238
5,1954
5,927
5,1953
5,909
5,1733
5,1732
5,1952
5,275
5,1951
5,1950
5,1984
5,1731
5,1949
5,1730
5,1948
5,1729
5,1663
5,1947
5,25
5,1946
5,444
5,1945
5,1662
5,1661
5,821
5,1944
5,1660
5,261
5,1659
5,1943
5,310
5,1942
5,1658
5,1657
5,817
5,904
5,1656
5,1941
5,1655
5,1654
5,1653
5,550
5,1940
5,1652
5,1939
5,831
5,1651
5,823
5,565
5,946
5,1938
5,1937
5,1650
5,810
5,1936
5,1649
5,1648
5,232
5,1935
5,300
5,1934
5,1933
5,273
5,421
5,1932
5,781
5,1647
5,1646
5,1931
5,1645
5,213
5,1644
5,1930
5,1643
5,1642
5,1641
5,1640
5,1639
5,1929
5,824
5,1928
5,897
5,1927
5,815
5,1638
5,1926
5,429
5,1925
5,535
5,807
5,1637
5,812
5,1924
5,1636
5,1635
5,1923
5,799
5,1922
5,1634
5,1633
5,1921
5,260
5,908
5,907
5,1920
5,942
5,1632
5,825
5,225
5,1855
5,1631
5,1630
5,1854
5,898
5,1853
5,1629
5,252
5,210
5,222
5,1852
5,1627
5,1851
5,34
5,37
5,1850
5,214
5,1626
5,1849
5,1625
5,1624
5,905
5,1848
5,1847
5,1216
5,1846
5,1623
5,1622
5,1845
5,1621
5,1155
5,1844
5,1620
5,1024
5,437
5,1843
5,198
5,1618
5,1617
5,779
5,1842
5,247
5,1841
5,1840
5,1616
5,1615
5,1839
5,1838
5,1614
5,1613
5,1837
5,393
5,820
5,955
5,1836
5,659
5,1612
5,1856
5,1835
5,420
5,1611
5,1834
5,939
5,1833
5,1610
5,782
5,396
5,1609
5,1832
5,1608
5,1607
5,1831
5,1606
5,1605
5,1604
5,1603
5,1830
5,933
5,248
5,1602
5,1829
5,1828
5,696
5,814
5,1601
5,1827
5,819
5,822
5,1826
4294967279,357
5,1825
5,218
5,1824
4294967279,356
5,789
5,1823
5,934
5,1535
4294967279,355
5,1822
5,250
5,1534
5,1533
5,1821
4294967279,354
5,1820
4294967279,353
5,1819
5,1532
5,1531
5,1818
5,1530
5,258
4294967279,352
5,398
5,1817
4294967279,351
5,1816
5,1815
4294967279,350
5,941
5,1814
5,935
4294967279,349
5,1813
5,262
5,793
5,253
5,1812
4294967279,348
5,1528
5,1527
5,1811
5,902
5,1526
4294967279,347
5,1810
5,1809
4294967279,346
5,1808
5,920
4294967279,345
5,1807
5,802
5,1525
5,1806
4294967279,344
5,950
5,1805
5,200
4294967279,343
5,1804
5,1180
5,1803
4294967279,342
5,1523
5,1522
5,944
5,1802
4294967279,341
5,1521
5,1801
5,1520
5,52
5,1800
5,811
4294967279,340
5,1799
4294967279,339
5,1798
5,1519
5,1797
4294967279,338
5,1518
5,1517
5,1796
5,205
4294967279,337
5,1795
5,1516
5,541
5,1794
4294967279,336
5,786
5,1793
4294967279,335
5,1515
5,769
5,1792
5,1514
5,1513
5,1727
4294967279,334
5,1726
5,523
4294967279,333
5,1512
5,1725
5,397
5,1724
5,206
4294967279,332
5,1723
5,1511
4294967279,331
5,1722
5,1510
5,1509
5,1721
5,652
5,1508
4294967279,330
5,1720
4294967279,329
5,1719
5,390
5,1718
5,912
4294967279,328
5,1717
5,1507
5,1506
4294967279,327
5,1716
5,434
5,1504
5,267
5,388
5,1715
4294967279,326
5,1503
5,85
5,1714
5,1502
5,274
5,700
4294967279,325
5,1713
5,1501
5,1712
4294967279,324
5,830
5,1711
5,1500
5,1076
4294967279,323
5,1710
5,1498
5,56
5,1709
4294967279,322
5,1497
5,1708
5,1496
5,427
4294967279,321
5,1707
5,303
5,1706
5,1495
4294967279,320
5,1705
5,1704
